0001.png, 1, 1  140 , 698  720
0002.png, 1, 1  144 , 704  720
0003.png, 1, 8  148
0004.png, 1, 18  152
0005.png, 1, 32  158
0006.png, 1, 1  164 , 688  720
0007.png, 1, 1  168 , 706  720
0008.png, 1, 1  170 , 700  720
0009.png, 1, 1  176 , 700  720
0010.png, 1, 1  182 , 706  720
0011.png, 1, 1  180 , 700  720
0012.png, 1, 1  184 , 704  720
0013.png, 1, 1  186 , 706  720
0014.png, 1, 1  190 , 714  720
0015.png, 1, 1  198 , 586  720
0016.png, 1, 1  202 , 576  720
0017.png, 1, 1  202 , 582  720
0018.png, 1, 1  200 , 582  720
0019.png, 1, 1  196 , 588  720
0020.png, 1, 1  192 , 606  720
0021.png, 1, 1  194 , 604  720
0022.png, 1, 1  202 , 604  720
0023.png, 1, 1  208 , 596  720
0024.png, 1, 1  212 , 604  720
0025.png, 1, 34  230
0026.png, 1, 32  220
